8	24	1


0	2
1	4
3	6
5	7
8	11
9	14
10	12
13	16
15	20
17	19
18	22
21	23

4	7	9


0	2
1	4
3	6
5	7
8	13
9	11
10	12
14	17
15	20
16	18
19	23
21	22

4	7	9


0	2
1	4
3	6
5	10
7	9
8	11
12	15
13	16
14	19
17	20
18	22
21	23

9	11	14


0	2
1	4
3	6
5	10
7	9
8	13
11	14
12	15
16	18
17	20
19	23
21	22

14	17	19


0	3
1	2
4	7
5	10
6	8
9	11
12	15
13	16
14	19
17	20
18	22
21	23

8	11	13


0	3
1	2
4	7
5	10
6	8
9	14
11	13
12	15
16	18
17	20
19	23
21	22

14	17	19


0	3
1	2
4	9
5	7
6	8
10	12
11	13
14	17
15	20
16	18
19	23
21	22

9	11	14


0	3
1	2
4	9
5	7
6	8
10	12
11	14
13	16
15	20
17	19
18	22
21	23

8	11	13