32	34	2


0	2
1	4
3	6
5	7
8	11
9	14
10	12
13	16
15	17
18	21
19	24
20	22
23	26
25	30
27	29
28	32
31	33

4	7	9
14	17	19


0	2
1	4
3	6
5	7
8	11
9	14
10	12
13	16
15	17
18	23
19	21
20	22
24	27
25	30
26	28
29	33
31	32

4	7	9
14	17	19


0	2
1	4
3	6
5	7
8	11
9	14
10	12
13	16
15	20
17	19
18	21
22	25
23	26
24	29
27	30
28	32
31	33

4	7	9
19	21	24


0	2
1	4
3	6
5	7
8	11
9	14
10	12
13	16
15	20
17	19
18	23
21	24
22	25
26	28
27	30
29	33
31	32

4	7	9
24	27	29


0	2
1	4
3	6
5	7
8	13
9	11
10	12
14	17
15	20
16	18
19	21
22	25
23	26
24	29
27	30
28	32
31	33

4	7	9
18	21	23


0	2
1	4
3	6
5	7
8	13
9	11
10	12
14	17
15	20
16	18
19	24
21	23
22	25
26	28
27	30
29	33
31	32

4	7	9
24	27	29


0	2
1	4
3	6
5	7
8	13
9	11
10	12
14	19
15	17
16	18
20	22
21	23
24	27
25	30
26	28
29	33
31	32

4	7	9
19	21	24


0	2
1	4
3	6
5	7
8	13
9	11
10	12
14	19
15	17
16	18
20	22
21	24
23	26
25	30
27	29
28	32
31	33

4	7	9
18	21	23


0	2
1	4
3	6
5	10
7	9
8	11
12	15
13	16
14	17
18	21
19	24
20	22
23	26
25	30
27	29
28	32
31	33

9	11	14
15	17	20


0	2
1	4
3	6
5	10
7	9
8	11
12	15
13	16
14	17
18	23
19	21
20	22
24	27
25	30
26	28
29	33
31	32

9	11	14
15	17	20


0	2
1	4
3	6
5	10
7	9
8	11
12	15
13	16
14	19
17	20
18	21
22	25
23	26
24	29
27	30
28	32
31	33

9	11	14
19	21	24


0	2
1	4
3	6
5	10
7	9
8	11
12	15
13	16
14	19
17	20
18	23
21	24
22	25
26	28
27	30
29	33
31	32

9	11	14
24	27	29


0	2
1	4
3	6
5	10
7	9
8	13
11	14
12	15
16	18
17	19
20	22
21	23
24	27
25	30
26	28
29	33
31	32

15	17	20
19	21	24


0	2
1	4
3	6
5	10
7	9
8	13
11	14
12	15
16	18
17	19
20	22
21	24
23	26
25	30
27	29
28	32
31	33

15	17	20
18	21	23


0	2
1	4
3	6
5	10
7	9
8	13
11	14
12	15
16	18
17	20
19	21
22	25
23	26
24	29
27	30
28	32
31	33

14	17	19
18	21	23


0	2
1	4
3	6
5	10
7	9
8	13
11	14
12	15
16	18
17	20
19	24
21	23
22	25
26	28
27	30
29	33
31	32

14	17	19
24	27	29


0	3
1	2
4	7
5	10
6	8
9	11
12	15
13	16
14	17
18	21
19	24
20	22
23	26
25	30
27	29
28	32
31	33

8	11	13
15	17	20


0	3
1	2
4	7
5	10
6	8
9	11
12	15
13	16
14	17
18	23
19	21
20	22
24	27
25	30
26	28
29	33
31	32

8	11	13
15	17	20


0	3
1	2
4	7
5	10
6	8
9	11
12	15
13	16
14	19
17	20
18	21
22	25
23	26
24	29
27	30
28	32
31	33

8	11	13
19	21	24


0	3
1	2
4	7
5	10
6	8
9	11
12	15
13	16
14	19
17	20
18	23
21	24
22	25
26	28
27	30
29	33
31	32

8	11	13
24	27	29


0	3
1	2
4	7
5	10
6	8
9	14
11	13
12	15
16	18
17	19
20	22
21	23
24	27
25	30
26	28
29	33
31	32

15	17	20
19	21	24


0	3
1	2
4	7
5	10
6	8
9	14
11	13
12	15
16	18
17	19
20	22
21	24
23	26
25	30
27	29
28	32
31	33

15	17	20
18	21	23


0	3
1	2
4	7
5	10
6	8
9	14
11	13
12	15
16	18
17	20
19	21
22	25
23	26
24	29
27	30
28	32
31	33

14	17	19
18	21	23


0	3
1	2
4	7
5	10
6	8
9	14
11	13
12	15
16	18
17	20
19	24
21	23
22	25
26	28
27	30
29	33
31	32

14	17	19
24	27	29


0	3
1	2
4	9
5	7
6	8
10	12
11	13
14	17
15	20
16	18
19	21
22	25
23	26
24	29
27	30
28	32
31	33

9	11	14
18	21	23


0	3
1	2
4	9
5	7
6	8
10	12
11	13
14	17
15	20
16	18
19	24
21	23
22	25
26	28
27	30
29	33
31	32

9	11	14
24	27	29


0	3
1	2
4	9
5	7
6	8
10	12
11	13
14	19
15	17
16	18
20	22
21	23
24	27
25	30
26	28
29	33
31	32

9	11	14
19	21	24


0	3
1	2
4	9
5	7
6	8
10	12
11	13
14	19
15	17
16	18
20	22
21	24
23	26
25	30
27	29
28	32
31	33

9	11	14
18	21	23


0	3
1	2
4	9
5	7
6	8
10	12
11	14
13	16
15	17
18	21
19	24
20	22
23	26
25	30
27	29
28	32
31	33

8	11	13
14	17	19


0	3
1	2
4	9
5	7
6	8
10	12
11	14
13	16
15	17
18	23
19	21
20	22
24	27
25	30
26	28
29	33
31	32

8	11	13
14	17	19


0	3
1	2
4	9
5	7
6	8
10	12
11	14
13	16
15	20
17	19
18	21
22	25
23	26
24	29
27	30
28	32
31	33

8	11	13
19	21	24


0	3
1	2
4	9
5	7
6	8
10	12
11	14
13	16
15	20
17	19
18	23
21	24
22	25
26	28
27	30
29	33
31	32

8	11	13
24	27	29